run	-(I(V1)+I(V3))
1.000000000000000e+000	1.310855e-009
2.000000000000000e+000	9.649457e-010
3.000000000000000e+000	1.824433e-009
4.000000000000000e+000	3.498739e-009
5.000000000000000e+000	2.621479e-009
6.000000000000000e+000	3.136651e-010
7.000000000000000e+000	3.287078e-008
8.000000000000000e+000	1.114975e-009
9.000000000000000e+000	1.558869e-009
1.000000000000000e+001	1.824717e-008
1.100000000000000e+001	1.259314e-009
1.200000000000000e+001	8.109477e-009
1.300000000000000e+001	4.192234e-009
1.400000000000000e+001	2.845799e-010
1.500000000000000e+001	1.581496e-008
1.600000000000000e+001	1.120339e-009
1.700000000000000e+001	2.012024e-008
1.800000000000000e+001	2.755932e-008
1.900000000000000e+001	4.774115e-010
2.000000000000000e+001	6.631512e-009
2.100000000000000e+001	6.474125e-009
2.200000000000000e+001	1.021165e-008
2.300000000000000e+001	1.669586e-009
2.400000000000000e+001	2.873334e-009
2.500000000000000e+001	5.597304e-009
2.600000000000000e+001	5.989408e-010
2.700000000000000e+001	3.836444e-009
2.800000000000000e+001	8.139244e-009
2.900000000000000e+001	4.305530e-008
3.000000000000000e+001	2.202279e-008
3.100000000000000e+001	1.192873e-009
3.200000000000000e+001	7.097415e-010
3.300000000000000e+001	1.460393e-008
3.400000000000000e+001	1.017296e-008
3.500000000000000e+001	1.552997e-009
3.600000000000000e+001	1.499404e-009
3.700000000000000e+001	3.799143e-010
3.800000000000000e+001	1.520086e-009
3.900000000000000e+001	3.721667e-009
4.000000000000000e+001	8.790435e-010
4.100000000000000e+001	1.444851e-008
4.200000000000000e+001	1.693226e-008
4.300000000000000e+001	9.668405e-009
4.400000000000000e+001	1.383306e-009
4.500000000000000e+001	2.417424e-009
4.600000000000000e+001	3.063006e-009
4.700000000000000e+001	1.040405e-009
4.800000000000000e+001	4.467469e-010
4.900000000000000e+001	2.784202e-010
5.000000000000000e+001	3.944903e-010
5.100000000000000e+001	1.242310e-009
5.200000000000000e+001	6.317170e-009
5.300000000000000e+001	2.410433e-008
5.400000000000000e+001	1.052328e-009
5.500000000000000e+001	4.262415e-009
5.600000000000000e+001	1.913127e-009
5.700000000000000e+001	8.006587e-009
5.800000000000000e+001	4.590672e-009
5.900000000000000e+001	3.505417e-008
6.000000000000000e+001	3.802538e-009
6.100000000000000e+001	7.668524e-009
6.200000000000000e+001	1.737073e-009
6.300000000000000e+001	1.347233e-009
6.400000000000000e+001	2.555229e-009
6.500000000000000e+001	2.215796e-009
6.600000000000000e+001	4.839945e-008
6.700000000000000e+001	4.934769e-008
6.800000000000000e+001	1.757475e-008
6.900000000000000e+001	2.600344e-009
7.000000000000000e+001	5.227344e-010
7.100000000000000e+001	2.141663e-009
7.200000000000000e+001	1.567215e-009
7.300000000000000e+001	2.086399e-009
7.400000000000000e+001	9.986051e-010
7.500000000000000e+001	1.569593e-009
7.600000000000000e+001	4.936058e-010
7.700000000000000e+001	1.255713e-010
7.800000000000000e+001	1.654154e-009
7.900000000000000e+001	2.981626e-009
8.000000000000000e+001	1.691537e-008
8.100000000000000e+001	3.832358e-009
8.200000000000000e+001	2.036415e-009
8.300000000000000e+001	7.548092e-010
8.400000000000000e+001	6.632027e-009
8.500000000000000e+001	6.127642e-008
8.600000000000000e+001	3.523319e-009
8.700000000000000e+001	1.367534e-008
8.800000000000000e+001	7.416852e-009
8.900000000000000e+001	1.539318e-008
9.000000000000000e+001	1.601705e-009
9.100000000000000e+001	4.550233e-010
9.200000000000000e+001	5.240137e-009
9.300000000000000e+001	1.234194e-009
9.400000000000000e+001	2.114022e-010
9.500000000000000e+001	7.985225e-010
9.600000000000000e+001	2.261663e-009
9.700000000000000e+001	2.400465e-009
9.800000000000000e+001	4.712484e-010
9.900000000000000e+001	2.309432e-009
1.000000000000000e+002	1.411477e-009
1.010000000000000e+002	3.455638e-009
1.020000000000000e+002	1.657840e-009
1.030000000000000e+002	4.358539e-010
1.040000000000000e+002	1.873012e-009
1.050000000000000e+002	2.595721e-008
1.060000000000000e+002	5.883880e-010
1.070000000000000e+002	3.764592e-009
1.080000000000000e+002	3.191944e-009
1.090000000000000e+002	4.486683e-009
1.100000000000000e+002	3.236646e-010
1.110000000000000e+002	6.090708e-010
1.120000000000000e+002	2.314039e-009
1.130000000000000e+002	3.886807e-010
1.140000000000000e+002	5.508435e-009
1.150000000000000e+002	1.296958e-009
1.160000000000000e+002	3.640945e-009
1.170000000000000e+002	5.257237e-010
1.180000000000000e+002	5.660393e-009
1.190000000000000e+002	1.166911e-009
1.200000000000000e+002	2.399961e-009
1.210000000000000e+002	5.346975e-009
1.220000000000000e+002	6.937382e-010
1.230000000000000e+002	1.986605e-009
1.240000000000000e+002	7.679302e-010
1.250000000000000e+002	2.274800e-009
1.260000000000000e+002	1.846269e-009
1.270000000000000e+002	1.442986e-008
1.280000000000000e+002	5.939880e-009
1.290000000000000e+002	2.544172e-009
1.300000000000000e+002	2.131673e-008
1.310000000000000e+002	3.746274e-009
1.320000000000000e+002	2.309453e-009
1.330000000000000e+002	2.708342e-009
1.340000000000000e+002	5.240152e-010
1.350000000000000e+002	6.563952e-009
1.360000000000000e+002	2.965205e-010
1.370000000000000e+002	1.113755e-008
1.380000000000000e+002	5.496895e-009
1.390000000000000e+002	7.771343e-010
1.400000000000000e+002	1.550255e-008
1.410000000000000e+002	5.099315e-009
1.420000000000000e+002	1.288375e-009
1.430000000000000e+002	1.202160e-009
1.440000000000000e+002	8.661018e-010
1.450000000000000e+002	5.329129e-010
1.460000000000000e+002	6.237088e-009
1.470000000000000e+002	2.103531e-008
1.480000000000000e+002	9.316176e-009
1.490000000000000e+002	1.099513e-010
1.500000000000000e+002	4.872345e-009
1.510000000000000e+002	2.183108e-009
1.520000000000000e+002	1.011637e-009
1.530000000000000e+002	1.295188e-009
1.540000000000000e+002	8.478421e-009
1.550000000000000e+002	1.192952e-008
1.560000000000000e+002	7.019439e-010
1.570000000000000e+002	3.047163e-009
1.580000000000000e+002	1.866324e-009
1.590000000000000e+002	5.514111e-009
1.600000000000000e+002	1.668038e-009
1.610000000000000e+002	1.631379e-008
1.620000000000000e+002	3.903438e-009
1.630000000000000e+002	3.145899e-009
1.640000000000000e+002	1.263660e-009
1.650000000000000e+002	2.207913e-008
1.660000000000000e+002	1.907092e-009
1.670000000000000e+002	5.733810e-010
1.680000000000000e+002	1.095983e-009
1.690000000000000e+002	9.422751e-010
1.700000000000000e+002	7.327672e-010
1.710000000000000e+002	2.170729e-009
1.720000000000000e+002	3.795212e-009
1.730000000000000e+002	6.165348e-009
1.740000000000000e+002	1.409971e-009
1.750000000000000e+002	9.223235e-009
1.760000000000000e+002	8.254877e-009
1.770000000000000e+002	3.647156e-009
1.780000000000000e+002	1.249882e-009
1.790000000000000e+002	1.912205e-009
1.800000000000000e+002	2.666311e-009
1.810000000000000e+002	8.692890e-009
1.820000000000000e+002	2.868878e-009
1.830000000000000e+002	1.955616e-009
1.840000000000000e+002	2.699321e-010
1.850000000000000e+002	1.189016e-008
1.860000000000000e+002	4.939092e-009
1.870000000000000e+002	1.332695e-008
1.880000000000000e+002	3.366862e-009
1.890000000000000e+002	4.726327e-010
1.900000000000000e+002	7.211631e-009
1.910000000000000e+002	1.532125e-010
1.920000000000000e+002	1.582261e-009
1.930000000000000e+002	5.667124e-009
1.940000000000000e+002	1.521302e-009
1.950000000000000e+002	4.907368e-009
1.960000000000000e+002	6.768415e-009
1.970000000000000e+002	5.447893e-010
1.980000000000000e+002	3.569898e-009
1.990000000000000e+002	5.260064e-009
2.000000000000000e+002	7.536816e-009
2.010000000000000e+002	1.612314e-009
2.020000000000000e+002	1.352298e-008
2.030000000000000e+002	8.386823e-010
2.040000000000000e+002	4.076923e-009
2.050000000000000e+002	6.058392e-010
2.060000000000000e+002	1.594137e-009
2.070000000000000e+002	3.263205e-009
2.080000000000000e+002	1.972929e-008
2.090000000000000e+002	6.379623e-009
2.100000000000000e+002	4.364907e-009
2.110000000000000e+002	1.593063e-009
2.120000000000000e+002	1.558825e-008
2.130000000000000e+002	8.422677e-009
2.140000000000000e+002	2.976621e-009
2.150000000000000e+002	1.802891e-010
2.160000000000000e+002	8.186154e-009
2.170000000000000e+002	2.186632e-009
2.180000000000000e+002	1.201205e-009
2.190000000000000e+002	6.962237e-009
2.200000000000000e+002	3.354926e-009
2.210000000000000e+002	9.699350e-010
2.220000000000000e+002	1.055435e-009
2.230000000000000e+002	1.668639e-010
2.240000000000000e+002	7.587165e-010
2.250000000000000e+002	1.552659e-009
2.260000000000000e+002	9.400855e-009
2.270000000000000e+002	5.014841e-009
2.280000000000000e+002	2.219063e-009
2.290000000000000e+002	2.039295e-008
2.300000000000000e+002	4.094397e-009
2.310000000000000e+002	1.587383e-009
2.320000000000000e+002	7.036419e-010
2.330000000000000e+002	3.522378e-009
2.340000000000000e+002	2.098577e-009
2.350000000000000e+002	3.700155e-009
2.360000000000000e+002	1.240053e-008
2.370000000000000e+002	9.894450e-010
2.380000000000000e+002	5.312109e-008
2.390000000000000e+002	1.418000e-009
2.400000000000000e+002	4.136360e-009
2.410000000000000e+002	2.240044e-009
2.420000000000000e+002	1.323983e-008
2.430000000000000e+002	1.226501e-009
2.440000000000000e+002	1.281950e-008
2.450000000000000e+002	4.409646e-009
2.460000000000000e+002	1.206613e-008
2.470000000000000e+002	5.399547e-009
2.480000000000000e+002	6.164625e-010
2.490000000000000e+002	1.604008e-009
2.500000000000000e+002	8.615910e-010
2.510000000000000e+002	2.056430e-009
2.520000000000000e+002	5.111157e-009
2.530000000000000e+002	1.786388e-008
2.540000000000000e+002	3.751025e-009
2.550000000000000e+002	2.306301e-010
2.560000000000000e+002	1.884386e-008
2.570000000000000e+002	1.757878e-009
2.580000000000000e+002	9.324258e-009
2.590000000000000e+002	2.040245e-009
2.600000000000000e+002	1.049054e-008
2.610000000000000e+002	4.005421e-009
2.620000000000000e+002	1.535085e-009
2.630000000000000e+002	3.921082e-010
2.640000000000000e+002	1.280558e-009
2.650000000000000e+002	5.160587e-009
2.660000000000000e+002	2.506974e-009
2.670000000000000e+002	1.446036e-009
2.680000000000000e+002	7.132094e-009
2.690000000000000e+002	1.140983e-009
2.700000000000000e+002	3.995559e-009
2.710000000000000e+002	7.177594e-009
2.720000000000000e+002	4.466711e-009
2.730000000000000e+002	1.974642e-009
2.740000000000000e+002	3.081366e-010
2.750000000000000e+002	4.887667e-010
2.760000000000000e+002	4.480254e-010
2.770000000000000e+002	5.096349e-010
2.780000000000000e+002	2.139575e-009
2.790000000000000e+002	1.748366e-009
2.800000000000000e+002	9.045347e-010
2.810000000000000e+002	2.553340e-009
2.820000000000000e+002	1.086084e-009
2.830000000000000e+002	1.854524e-008
2.840000000000000e+002	2.233077e-010
2.850000000000000e+002	6.383710e-009
2.860000000000000e+002	1.524099e-009
2.870000000000000e+002	2.191531e-009
2.880000000000000e+002	3.398288e-009
2.890000000000000e+002	6.696475e-010
2.900000000000000e+002	2.127713e-009
2.910000000000000e+002	1.272036e-008
2.920000000000000e+002	5.461241e-010
2.930000000000000e+002	7.813013e-010
2.940000000000000e+002	1.864355e-009
2.950000000000000e+002	2.996920e-008
2.960000000000000e+002	7.059009e-010
2.970000000000000e+002	2.477246e-009
2.980000000000000e+002	2.592334e-009
2.990000000000000e+002	3.556999e-009
3.000000000000000e+002	5.357259e-009
3.010000000000000e+002	9.154736e-010
3.020000000000000e+002	3.795586e-009
3.030000000000000e+002	2.483379e-009
3.040000000000000e+002	2.822801e-009
3.050000000000000e+002	6.401598e-009
3.060000000000000e+002	4.188414e-010
3.070000000000000e+002	3.384820e-010
3.080000000000000e+002	2.086055e-009
3.090000000000000e+002	4.587342e-009
3.100000000000000e+002	5.118290e-009
3.110000000000000e+002	7.533148e-009
3.120000000000000e+002	7.603872e-009
3.130000000000000e+002	2.562995e-009
3.140000000000000e+002	2.901147e-009
3.150000000000000e+002	8.639578e-009
3.160000000000000e+002	5.284372e-010
3.170000000000000e+002	2.339408e-009
3.180000000000000e+002	2.572827e-009
3.190000000000000e+002	4.544046e-010
3.200000000000000e+002	3.127729e-009
3.210000000000000e+002	3.216574e-009
3.220000000000000e+002	1.563809e-009
3.230000000000000e+002	2.399169e-009
3.240000000000000e+002	5.103094e-009
3.250000000000000e+002	7.790362e-009
3.260000000000000e+002	4.645443e-009
3.270000000000000e+002	2.945630e-009
3.280000000000000e+002	3.560176e-009
3.290000000000000e+002	3.195285e-009
3.300000000000000e+002	1.071737e-009
3.310000000000000e+002	2.162670e-008
3.320000000000000e+002	2.038051e-009
3.330000000000000e+002	5.879410e-009
3.340000000000000e+002	4.609026e-010
3.350000000000000e+002	4.126725e-009
3.360000000000000e+002	5.002166e-009
3.370000000000000e+002	2.264580e-009
3.380000000000000e+002	4.190102e-009
3.390000000000000e+002	1.029448e-009
3.400000000000000e+002	4.088898e-009
3.410000000000000e+002	8.953532e-009
3.420000000000000e+002	6.647967e-009
3.430000000000000e+002	2.520059e-009
3.440000000000000e+002	6.462041e-008
3.450000000000000e+002	8.606511e-010
3.460000000000000e+002	9.119207e-009
3.470000000000000e+002	5.074458e-009
3.480000000000000e+002	3.731161e-008
3.490000000000000e+002	4.995341e-010
3.500000000000000e+002	4.163662e-009
3.510000000000000e+002	4.689240e-009
3.520000000000000e+002	1.668217e-009
3.530000000000000e+002	2.366282e-009
3.540000000000000e+002	1.034018e-008
3.550000000000000e+002	1.854667e-009
3.560000000000000e+002	2.698059e-009
3.570000000000000e+002	1.417013e-008
3.580000000000000e+002	2.689554e-009
3.590000000000000e+002	2.201187e-010
3.600000000000000e+002	1.666761e-009
3.610000000000000e+002	7.725939e-010
3.620000000000000e+002	8.561783e-009
3.630000000000000e+002	4.368952e-009
3.640000000000000e+002	2.876643e-009
3.650000000000000e+002	5.954378e-010
3.660000000000000e+002	1.103165e-009
3.670000000000000e+002	1.245650e-008
3.680000000000000e+002	1.929959e-008
3.690000000000000e+002	6.902067e-009
3.700000000000000e+002	6.452215e-010
3.710000000000000e+002	1.633275e-009
3.720000000000000e+002	4.369447e-009
3.730000000000000e+002	4.423500e-010
3.740000000000000e+002	8.554820e-009
3.750000000000000e+002	1.583063e-009
3.760000000000000e+002	1.793020e-009
3.770000000000000e+002	1.150869e-009
3.780000000000000e+002	7.441915e-009
3.790000000000000e+002	8.476589e-009
3.800000000000000e+002	3.464152e-009
3.810000000000000e+002	1.396383e-009
3.820000000000000e+002	1.724468e-009
3.830000000000000e+002	3.853613e-009
3.840000000000000e+002	1.374824e-009
3.850000000000000e+002	6.003051e-010
3.860000000000000e+002	2.134247e-009
3.870000000000000e+002	1.054415e-008
3.880000000000000e+002	2.165568e-009
3.890000000000000e+002	6.214082e-009
3.900000000000000e+002	4.253879e-010
3.910000000000000e+002	5.182601e-010
3.920000000000000e+002	1.406638e-009
3.930000000000000e+002	5.199105e-010
3.940000000000000e+002	1.757506e-008
3.950000000000000e+002	6.538645e-009
3.960000000000000e+002	3.000068e-009
3.970000000000000e+002	5.582137e-010
3.980000000000000e+002	1.677831e-009
3.990000000000000e+002	2.545755e-010
4.000000000000000e+002	1.006022e-007
4.010000000000000e+002	3.706154e-009
4.020000000000000e+002	3.022227e-009
4.030000000000000e+002	6.917418e-010
4.040000000000000e+002	1.986410e-009
4.050000000000000e+002	1.533493e-009
4.060000000000000e+002	3.092706e-009
4.070000000000000e+002	1.193034e-009
4.080000000000000e+002	5.935357e-009
4.090000000000000e+002	3.255765e-009
4.100000000000000e+002	1.076101e-009
4.110000000000000e+002	7.873755e-010
4.120000000000000e+002	2.402256e-009
4.130000000000000e+002	3.789028e-010
4.140000000000000e+002	4.870241e-009
4.150000000000000e+002	7.501099e-010
4.160000000000000e+002	1.009750e-009
4.170000000000000e+002	2.318809e-010
4.180000000000000e+002	4.310654e-009
4.190000000000000e+002	3.209665e-008
4.200000000000000e+002	1.425626e-009
4.210000000000000e+002	4.434939e-010
4.220000000000000e+002	2.798163e-010
4.230000000000000e+002	7.584145e-009
4.240000000000000e+002	1.242888e-009
4.250000000000000e+002	3.302692e-009
4.260000000000000e+002	1.113018e-008
4.270000000000000e+002	2.908485e-008
4.280000000000000e+002	1.897208e-009
4.290000000000000e+002	1.332666e-009
4.300000000000000e+002	1.953235e-009
4.310000000000000e+002	1.718632e-008
4.320000000000000e+002	2.067466e-008
4.330000000000000e+002	8.127912e-010
4.340000000000000e+002	1.873226e-009
4.350000000000000e+002	7.785478e-009
4.360000000000000e+002	5.173074e-009
4.370000000000000e+002	2.075484e-009
4.380000000000000e+002	1.260804e-009
4.390000000000000e+002	1.386895e-009
4.400000000000000e+002	1.124383e-008
4.410000000000000e+002	6.142278e-010
4.420000000000000e+002	1.907410e-009
4.430000000000000e+002	3.273676e-009
4.440000000000000e+002	2.462919e-009
4.450000000000000e+002	2.427901e-009
4.460000000000000e+002	8.449544e-010
4.470000000000000e+002	4.008098e-010
4.480000000000000e+002	6.141647e-010
4.490000000000000e+002	8.432693e-009
4.500000000000000e+002	1.395406e-008
4.510000000000000e+002	7.322635e-010
4.520000000000000e+002	5.771865e-009
4.530000000000000e+002	9.856446e-009
4.540000000000000e+002	3.702708e-009
4.550000000000000e+002	2.260135e-009
4.560000000000000e+002	7.423475e-009
4.570000000000000e+002	1.091140e-008
4.580000000000000e+002	2.467639e-009
4.590000000000000e+002	2.811296e-010
4.600000000000000e+002	4.790679e-009
4.610000000000000e+002	9.555032e-009
4.620000000000000e+002	7.607714e-010
4.630000000000000e+002	2.073299e-010
4.640000000000000e+002	5.175811e-010
4.650000000000000e+002	1.275480e-009
4.660000000000000e+002	5.311881e-010
4.670000000000000e+002	7.358528e-010
4.680000000000000e+002	2.445471e-009
4.690000000000000e+002	6.140700e-010
4.700000000000000e+002	2.508029e-009
4.710000000000000e+002	3.634477e-009
4.720000000000000e+002	1.730456e-010
4.730000000000000e+002	5.534907e-009
4.740000000000000e+002	4.815600e-010
4.750000000000000e+002	1.645828e-009
4.760000000000000e+002	8.857107e-009
4.770000000000000e+002	1.415530e-009
4.780000000000000e+002	1.869119e-009
4.790000000000000e+002	1.245821e-009
4.800000000000000e+002	2.517116e-009
4.810000000000000e+002	8.626168e-009
4.820000000000000e+002	1.406581e-009
4.830000000000000e+002	5.531654e-008
4.840000000000000e+002	3.938727e-010
4.850000000000000e+002	3.859407e-009
4.860000000000000e+002	1.042845e-009
4.870000000000000e+002	4.685031e-009
4.880000000000000e+002	6.652744e-009
4.890000000000000e+002	1.146091e-008
4.900000000000000e+002	1.914253e-009
4.910000000000000e+002	1.088766e-009
4.920000000000000e+002	1.345946e-009
4.930000000000000e+002	1.723459e-008
4.940000000000000e+002	2.057523e-009
4.950000000000000e+002	4.942180e-009
4.960000000000000e+002	1.676305e-010
4.970000000000000e+002	4.370995e-010
4.980000000000000e+002	4.289027e-009
4.990000000000000e+002	2.964647e-009
5.000000000000000e+002	1.346566e-009
5.010000000000000e+002	1.003567e-009
5.020000000000000e+002	6.703689e-009
5.030000000000000e+002	1.127631e-009
5.040000000000000e+002	1.568487e-010
5.050000000000000e+002	5.170493e-009
5.060000000000000e+002	2.453376e-009
5.070000000000000e+002	1.003740e-008
5.080000000000000e+002	9.074633e-009
5.090000000000000e+002	1.031755e-009
5.100000000000000e+002	5.989179e-009
5.110000000000000e+002	1.303159e-008
5.120000000000000e+002	3.382801e-009
5.130000000000000e+002	7.749538e-009
5.140000000000000e+002	1.594149e-009
5.150000000000000e+002	2.014483e-009
5.160000000000000e+002	2.853706e-009
5.170000000000000e+002	1.194912e-009
5.180000000000000e+002	2.619438e-009
5.190000000000000e+002	2.478047e-008
5.200000000000000e+002	1.811863e-009
5.210000000000000e+002	8.460156e-010
5.220000000000000e+002	4.155091e-008
5.230000000000000e+002	2.747515e-009
5.240000000000000e+002	1.343539e-008
5.250000000000000e+002	3.065319e-008
5.260000000000000e+002	4.111154e-009
5.270000000000000e+002	6.633120e-009
5.280000000000000e+002	1.695563e-009
5.290000000000000e+002	3.362222e-009
5.300000000000000e+002	7.356435e-009
5.310000000000000e+002	9.552799e-009
5.320000000000000e+002	1.421141e-009
5.330000000000000e+002	9.343605e-010
5.340000000000000e+002	1.475231e-009
5.350000000000000e+002	5.400154e-010
5.360000000000000e+002	3.247428e-009
5.370000000000000e+002	2.831356e-009
5.380000000000000e+002	4.501698e-009
5.390000000000000e+002	1.524021e-008
5.400000000000000e+002	5.256483e-009
5.410000000000000e+002	2.717349e-009
5.420000000000000e+002	1.800295e-009
5.430000000000000e+002	1.267131e-008
5.440000000000000e+002	5.472242e-009
5.450000000000000e+002	2.122569e-009
5.460000000000000e+002	9.473435e-009
5.470000000000000e+002	1.296260e-009
5.480000000000000e+002	2.708232e-008
5.490000000000000e+002	2.057909e-009
5.500000000000000e+002	3.722439e-010
5.510000000000000e+002	9.275025e-010
5.520000000000000e+002	6.260498e-009
5.530000000000000e+002	1.499259e-009
5.540000000000000e+002	2.520526e-009
5.550000000000000e+002	6.850865e-009
5.560000000000000e+002	1.064791e-008
5.570000000000000e+002	2.699549e-010
5.580000000000000e+002	2.986258e-009
5.590000000000000e+002	3.436486e-009
5.600000000000000e+002	8.177342e-010
5.610000000000000e+002	1.205146e-009
5.620000000000000e+002	2.060272e-009
5.630000000000000e+002	9.831560e-009
5.640000000000000e+002	7.218733e-010
5.650000000000000e+002	1.285484e-009
5.660000000000000e+002	2.553320e-009
5.670000000000000e+002	2.892749e-010
5.680000000000000e+002	2.765312e-009
5.690000000000000e+002	2.719560e-010
5.700000000000000e+002	2.197699e-009
5.710000000000000e+002	1.349261e-009
5.720000000000000e+002	2.149977e-009
5.730000000000000e+002	1.211155e-008
5.740000000000000e+002	1.555545e-009
5.750000000000000e+002	5.298952e-009
5.760000000000000e+002	3.500667e-008
5.770000000000000e+002	4.462542e-009
5.780000000000000e+002	5.904900e-009
5.790000000000000e+002	7.042271e-011
5.800000000000000e+002	2.242336e-009
5.810000000000000e+002	3.451134e-010
5.820000000000000e+002	1.347234e-009
5.830000000000000e+002	3.253645e-008
5.840000000000000e+002	2.201801e-009
5.850000000000000e+002	2.753439e-009
5.860000000000000e+002	4.243394e-009
5.870000000000000e+002	6.106805e-010
5.880000000000000e+002	4.378175e-009
5.890000000000000e+002	7.765643e-009
5.900000000000000e+002	9.858837e-010
5.910000000000000e+002	1.303523e-008
5.920000000000000e+002	4.639838e-010
5.930000000000000e+002	3.817943e-008
5.940000000000000e+002	3.243378e-010
5.950000000000000e+002	5.875695e-010
5.960000000000000e+002	6.532637e-010
5.970000000000000e+002	4.431095e-008
5.980000000000000e+002	8.706450e-010
5.990000000000000e+002	6.433779e-009
6.000000000000000e+002	2.275262e-010
6.010000000000000e+002	3.990290e-010
6.020000000000000e+002	6.105669e-009
6.030000000000000e+002	2.292842e-010
6.040000000000000e+002	1.031098e-008
6.050000000000000e+002	5.080341e-010
6.060000000000000e+002	1.024894e-009
6.070000000000000e+002	2.299456e-009
6.080000000000000e+002	1.484376e-009
6.090000000000000e+002	3.086761e-008
6.100000000000000e+002	4.228194e-009
6.110000000000000e+002	1.548943e-009
6.120000000000000e+002	4.205767e-008
6.130000000000000e+002	1.191203e-009
6.140000000000000e+002	2.751337e-009
6.150000000000000e+002	3.756306e-009
6.160000000000000e+002	3.679851e-009
6.170000000000000e+002	2.822728e-009
6.180000000000000e+002	2.791983e-009
6.190000000000000e+002	4.145398e-008
6.200000000000000e+002	1.808384e-009
6.210000000000000e+002	1.603199e-009
6.220000000000000e+002	8.412000e-009
6.230000000000000e+002	1.899351e-008
6.240000000000000e+002	3.138635e-009
6.250000000000000e+002	1.063419e-009
6.260000000000000e+002	8.125990e-010
6.270000000000000e+002	4.764838e-009
6.280000000000000e+002	1.101705e-009
6.290000000000000e+002	4.564153e-008
6.300000000000000e+002	1.562965e-008
6.310000000000000e+002	1.188095e-008
6.320000000000000e+002	3.980045e-009
6.330000000000000e+002	6.518384e-010
6.340000000000000e+002	8.550668e-010
6.350000000000000e+002	5.458860e-008
6.360000000000000e+002	2.326703e-009
6.370000000000000e+002	4.651001e-009
6.380000000000000e+002	6.548164e-010
6.390000000000000e+002	5.847502e-010
6.400000000000000e+002	2.452051e-009
6.410000000000000e+002	3.498032e-009
6.420000000000000e+002	1.687069e-008
6.430000000000000e+002	3.101734e-009
6.440000000000000e+002	3.543030e-009
6.450000000000000e+002	3.525649e-010
6.460000000000000e+002	9.134885e-009
6.470000000000000e+002	3.391400e-009
6.480000000000000e+002	3.083108e-009
6.490000000000000e+002	1.132745e-008
6.500000000000000e+002	7.574530e-010
6.510000000000000e+002	1.117301e-009
6.520000000000000e+002	1.211363e-008
6.530000000000000e+002	5.958753e-010
6.540000000000000e+002	1.440504e-009
6.550000000000000e+002	1.898624e-008
6.560000000000000e+002	2.880024e-009
6.570000000000000e+002	1.303436e-009
6.580000000000000e+002	1.995880e-009
6.590000000000000e+002	1.015377e-009
6.600000000000000e+002	8.758366e-010
6.610000000000000e+002	1.116735e-009
6.620000000000000e+002	1.566595e-009
6.630000000000000e+002	6.985923e-009
6.640000000000000e+002	1.260949e-009
6.650000000000000e+002	9.929054e-010
6.660000000000000e+002	1.881939e-008
6.670000000000000e+002	5.305489e-009
6.680000000000000e+002	1.572311e-009
6.690000000000000e+002	9.513819e-009
6.700000000000000e+002	2.502733e-009
6.710000000000000e+002	4.008857e-009
6.720000000000000e+002	1.370241e-009
6.730000000000000e+002	2.386259e-009
6.740000000000000e+002	6.568485e-009
6.750000000000000e+002	1.316485e-008
6.760000000000000e+002	8.578840e-010
6.770000000000000e+002	1.242660e-008
6.780000000000000e+002	4.374221e-009
6.790000000000000e+002	5.622282e-009
6.800000000000000e+002	5.782339e-009
6.810000000000000e+002	2.325975e-009
6.820000000000000e+002	6.645322e-010
6.830000000000000e+002	1.322177e-009
6.840000000000000e+002	1.055674e-009
6.850000000000000e+002	2.332955e-009
6.860000000000000e+002	1.290696e-008
6.870000000000000e+002	7.897430e-009
6.880000000000000e+002	1.168972e-008
6.890000000000000e+002	6.985805e-009
6.900000000000000e+002	4.552503e-009
6.910000000000000e+002	1.220406e-009
6.920000000000000e+002	3.218856e-009
6.930000000000000e+002	1.644488e-009
6.940000000000000e+002	1.415155e-009
6.950000000000000e+002	1.108790e-008
6.960000000000000e+002	1.757814e-008
6.970000000000000e+002	1.488020e-009
6.980000000000000e+002	2.210572e-008
6.990000000000000e+002	1.768402e-008
7.000000000000000e+002	2.300029e-009
7.010000000000000e+002	4.803496e-010
7.020000000000000e+002	1.035897e-009
7.030000000000000e+002	2.484840e-008
7.040000000000000e+002	2.525797e-009
7.050000000000000e+002	1.158996e-009
7.060000000000000e+002	2.566959e-008
7.070000000000000e+002	5.623823e-010
7.080000000000000e+002	5.807055e-009
7.090000000000000e+002	7.014439e-010
7.100000000000000e+002	4.408755e-010
7.110000000000000e+002	4.404290e-009
7.120000000000000e+002	6.582656e-009
7.130000000000000e+002	5.906061e-010
7.140000000000000e+002	4.534305e-009
7.150000000000000e+002	1.145695e-008
7.160000000000000e+002	1.268665e-008
7.170000000000000e+002	1.507789e-009
7.180000000000000e+002	1.181098e-009
7.190000000000000e+002	1.451300e-009
7.200000000000000e+002	7.273726e-009
7.210000000000000e+002	2.876044e-008
7.220000000000000e+002	1.165638e-008
7.230000000000000e+002	7.401143e-009
7.240000000000000e+002	1.731480e-008
7.250000000000000e+002	5.809467e-009
7.260000000000000e+002	3.337144e-009
7.270000000000000e+002	1.625571e-009
7.280000000000000e+002	1.665215e-009
7.290000000000000e+002	1.788301e-009
7.300000000000000e+002	3.888840e-010
7.310000000000000e+002	2.929772e-010
7.320000000000000e+002	1.481500e-009
7.330000000000000e+002	2.339533e-009
7.340000000000000e+002	1.993791e-009
7.350000000000000e+002	8.458162e-010
7.360000000000000e+002	4.692746e-009
7.370000000000000e+002	3.254921e-009
7.380000000000000e+002	5.660711e-010
7.390000000000000e+002	7.059018e-011
7.400000000000000e+002	6.931534e-009
7.410000000000000e+002	5.629028e-010
7.420000000000000e+002	1.633742e-008
7.430000000000000e+002	2.773209e-009
7.440000000000000e+002	4.145899e-009
7.450000000000000e+002	4.657334e-010
7.460000000000000e+002	2.299966e-009
7.470000000000000e+002	7.213376e-010
7.480000000000000e+002	4.102041e-008
7.490000000000000e+002	6.741284e-010
7.500000000000000e+002	1.093223e-009
7.510000000000000e+002	7.400183e-010
7.520000000000000e+002	1.204162e-008
7.530000000000000e+002	6.717596e-009
7.540000000000000e+002	3.080474e-008
7.550000000000000e+002	1.436231e-009
7.560000000000000e+002	1.100707e-009
7.570000000000000e+002	8.562943e-010
7.580000000000000e+002	1.124122e-009
7.590000000000000e+002	3.054478e-009
7.600000000000000e+002	1.312689e-008
7.610000000000000e+002	7.542336e-009
7.620000000000000e+002	1.008648e-009
7.630000000000000e+002	1.761562e-008
7.640000000000000e+002	7.919813e-010
7.650000000000000e+002	1.494359e-010
7.660000000000000e+002	2.526489e-009
7.670000000000000e+002	1.910305e-010
7.680000000000000e+002	2.031740e-010
7.690000000000000e+002	2.345537e-008
7.700000000000000e+002	1.236239e-009
7.710000000000000e+002	4.067736e-009
7.720000000000000e+002	2.002043e-009
7.730000000000000e+002	1.078526e-009
7.740000000000000e+002	4.213698e-009
7.750000000000000e+002	5.173935e-009
7.760000000000000e+002	4.659249e-008
7.770000000000000e+002	5.128003e-010
7.780000000000000e+002	1.733580e-009
7.790000000000000e+002	6.882827e-009
7.800000000000000e+002	2.170147e-009
7.810000000000000e+002	8.479012e-010
7.820000000000000e+002	2.789678e-009
7.830000000000000e+002	3.860276e-009
7.840000000000000e+002	9.277264e-010
7.850000000000000e+002	8.175727e-010
7.860000000000000e+002	1.706681e-009
7.870000000000000e+002	6.487881e-010
7.880000000000000e+002	9.181478e-009
7.890000000000000e+002	1.283230e-008
7.900000000000000e+002	2.224975e-008
7.910000000000000e+002	1.132484e-009
7.920000000000000e+002	3.850431e-009
7.930000000000000e+002	6.239701e-009
7.940000000000000e+002	9.470649e-010
7.950000000000000e+002	5.657073e-009
7.960000000000000e+002	1.519561e-009
7.970000000000000e+002	3.119087e-009
7.980000000000000e+002	1.979092e-009
7.990000000000000e+002	7.673585e-010
8.000000000000000e+002	7.472348e-010
8.010000000000000e+002	3.107850e-010
8.020000000000000e+002	2.534806e-008
8.030000000000000e+002	5.791519e-009
8.040000000000000e+002	1.275865e-010
8.050000000000000e+002	1.235672e-009
8.060000000000000e+002	6.437215e-009
8.070000000000000e+002	5.576454e-009
8.080000000000000e+002	4.838694e-009
8.090000000000000e+002	1.775391e-008
8.100000000000000e+002	3.327858e-009
8.110000000000000e+002	5.085786e-009
8.120000000000000e+002	7.448947e-009
8.130000000000000e+002	5.146745e-009
8.140000000000000e+002	2.470556e-009
8.150000000000000e+002	1.547485e-008
8.160000000000000e+002	1.531522e-009
8.170000000000000e+002	7.506225e-010
8.180000000000000e+002	2.071304e-009
8.190000000000000e+002	4.153117e-009
8.200000000000000e+002	3.933206e-010
8.210000000000000e+002	1.193199e-009
8.220000000000000e+002	6.881358e-009
8.230000000000000e+002	4.391581e-010
8.240000000000000e+002	1.619037e-008
8.250000000000000e+002	9.776418e-009
8.260000000000000e+002	1.944922e-009
8.270000000000000e+002	2.188597e-010
8.280000000000000e+002	1.390891e-009
8.290000000000000e+002	9.610381e-010
8.300000000000000e+002	1.630686e-008
8.310000000000000e+002	2.880131e-009
8.320000000000000e+002	6.514997e-009
8.330000000000000e+002	3.292217e-009
8.340000000000000e+002	2.031545e-009
8.350000000000000e+002	5.454550e-009
8.360000000000000e+002	1.654070e-009
8.370000000000000e+002	5.608491e-009
8.380000000000000e+002	1.632777e-009
8.390000000000000e+002	1.334375e-009
8.400000000000000e+002	1.434675e-008
8.410000000000000e+002	6.403086e-010
8.420000000000000e+002	5.066821e-009
8.430000000000000e+002	1.779870e-009
8.440000000000000e+002	5.637887e-010
8.450000000000000e+002	1.288580e-009
8.460000000000000e+002	1.844296e-010
8.470000000000000e+002	2.423284e-009
8.480000000000000e+002	1.055340e-009
8.490000000000000e+002	2.624409e-009
8.500000000000000e+002	3.849555e-009
8.510000000000000e+002	5.721670e-009
8.520000000000000e+002	1.433329e-009
8.530000000000000e+002	1.454158e-008
8.540000000000000e+002	8.607701e-009
8.550000000000000e+002	2.024359e-009
8.560000000000000e+002	1.055012e-009
8.570000000000000e+002	2.220039e-009
8.580000000000000e+002	1.148352e-009
8.590000000000000e+002	1.197265e-009
8.600000000000000e+002	1.566398e-009
8.610000000000000e+002	5.321014e-009
8.620000000000000e+002	1.416153e-009
8.630000000000000e+002	2.187773e-010
8.640000000000000e+002	7.520744e-009
8.650000000000000e+002	5.043266e-009
8.660000000000000e+002	1.290574e-008
8.670000000000000e+002	2.385726e-009
8.680000000000000e+002	7.584690e-010
8.690000000000000e+002	8.706372e-009
8.700000000000000e+002	3.311927e-008
8.710000000000000e+002	2.906726e-010
8.720000000000000e+002	1.787759e-009
8.730000000000000e+002	2.236321e-008
8.740000000000000e+002	3.721595e-009
8.750000000000000e+002	3.797255e-009
8.760000000000000e+002	1.277638e-009
8.770000000000000e+002	6.158692e-010
8.780000000000000e+002	9.685632e-010
8.790000000000000e+002	2.238849e-009
8.800000000000000e+002	9.394585e-011
8.810000000000000e+002	2.211501e-008
8.820000000000000e+002	4.778753e-009
8.830000000000000e+002	4.831276e-009
8.840000000000000e+002	1.328816e-009
8.850000000000000e+002	6.440562e-010
8.860000000000000e+002	1.349026e-009
8.870000000000000e+002	9.674516e-010
8.880000000000000e+002	8.406672e-009
8.890000000000000e+002	2.150594e-009
8.900000000000000e+002	2.237486e-009
8.910000000000000e+002	3.183716e-008
8.920000000000000e+002	2.968384e-010
8.930000000000000e+002	3.419367e-009
8.940000000000000e+002	5.072668e-009
8.950000000000000e+002	4.074989e-009
8.960000000000000e+002	1.591891e-009
8.970000000000000e+002	7.224127e-010
8.980000000000000e+002	3.621084e-009
8.990000000000000e+002	2.704129e-009
9.000000000000000e+002	4.580574e-009
9.010000000000000e+002	8.197081e-009
9.020000000000000e+002	9.776411e-010
9.030000000000000e+002	8.900152e-009
9.040000000000000e+002	6.175659e-009
9.050000000000000e+002	5.407217e-010
9.060000000000000e+002	1.557254e-008
9.070000000000000e+002	5.202322e-010
9.080000000000000e+002	6.248777e-009
9.090000000000000e+002	1.868251e-008
9.100000000000000e+002	1.282021e-009
9.110000000000000e+002	7.993116e-009
9.120000000000000e+002	3.414576e-009
9.130000000000000e+002	4.238973e-009
9.140000000000000e+002	7.811334e-009
9.150000000000000e+002	2.832091e-009
9.160000000000000e+002	5.359101e-010
9.170000000000000e+002	1.200679e-009
9.180000000000000e+002	1.071276e-008
9.190000000000000e+002	4.606369e-009
9.200000000000000e+002	2.204823e-009
9.210000000000000e+002	2.717243e-009
9.220000000000000e+002	1.255211e-008
9.230000000000000e+002	2.695846e-009
9.240000000000000e+002	4.156425e-009
9.250000000000000e+002	7.954086e-009
9.260000000000000e+002	5.820719e-010
9.270000000000000e+002	2.616496e-008
9.280000000000000e+002	1.237695e-008
9.290000000000000e+002	9.794172e-009
9.300000000000000e+002	1.691594e-009
9.310000000000000e+002	5.147958e-009
9.320000000000000e+002	2.650106e-009
9.330000000000000e+002	9.400296e-010
9.340000000000000e+002	2.375189e-008
9.350000000000000e+002	1.984516e-009
9.360000000000000e+002	6.641331e-009
9.370000000000000e+002	1.451524e-008
9.380000000000000e+002	1.360959e-008
9.390000000000000e+002	1.003138e-009
9.400000000000000e+002	2.179953e-008
9.410000000000000e+002	4.067407e-010
9.420000000000000e+002	3.952264e-009
9.430000000000000e+002	6.989809e-010
9.440000000000000e+002	1.054642e-009
9.450000000000000e+002	4.764388e-009
9.460000000000000e+002	7.552184e-010
9.470000000000000e+002	1.162953e-008
9.480000000000000e+002	2.642611e-009
9.490000000000000e+002	2.267502e-009
9.500000000000000e+002	7.755404e-010
9.510000000000000e+002	1.319215e-009
9.520000000000000e+002	3.214073e-008
9.530000000000000e+002	3.191369e-009
9.540000000000000e+002	1.890166e-009
9.550000000000000e+002	1.017807e-009
9.560000000000000e+002	1.960938e-009
9.570000000000000e+002	6.910238e-010
9.580000000000000e+002	1.423741e-009
9.590000000000000e+002	2.398127e-010
9.600000000000000e+002	3.207115e-009
9.610000000000000e+002	2.355150e-008
9.620000000000000e+002	4.166514e-009
9.630000000000000e+002	2.849186e-009
9.640000000000000e+002	1.101283e-009
9.650000000000000e+002	2.124636e-009
9.660000000000000e+002	6.872268e-010
9.670000000000000e+002	7.991222e-009
9.680000000000000e+002	6.669234e-009
9.690000000000000e+002	6.802112e-010
9.700000000000000e+002	2.089789e-009
9.710000000000000e+002	7.193635e-009
9.720000000000000e+002	4.450900e-009
9.730000000000000e+002	1.914014e-009
9.740000000000000e+002	3.188265e-009
9.750000000000000e+002	6.082993e-009
9.760000000000000e+002	9.918319e-010
9.770000000000000e+002	2.939255e-009
9.780000000000000e+002	1.424994e-009
9.790000000000000e+002	2.254644e-009
9.800000000000000e+002	1.081008e-009
9.810000000000000e+002	3.517810e-010
9.820000000000000e+002	1.535714e-009
9.830000000000000e+002	6.418856e-009
9.840000000000000e+002	1.084922e-009
9.850000000000000e+002	3.739946e-009
9.860000000000000e+002	2.667683e-010
9.870000000000000e+002	1.750565e-008
9.880000000000000e+002	6.699730e-010
9.890000000000000e+002	3.460712e-009
9.900000000000000e+002	4.148572e-009
9.910000000000000e+002	4.212651e-010
9.920000000000000e+002	5.697373e-010
9.930000000000000e+002	1.198030e-008
9.940000000000000e+002	1.128153e-008
9.950000000000000e+002	8.679826e-010
9.960000000000000e+002	4.332190e-009
9.970000000000000e+002	3.171267e-008
9.980000000000000e+002	2.879067e-009
9.990000000000000e+002	2.198610e-009
1.000000000000000e+003	3.039584e-009
